xtrain= [-2, -1.928617603731178, -1.8388106323716946, -1.6505360588614146, -1.6466737987854083, -1.5257057561784362, -1.505126916572999, -1.2955420401570672, -1.2122777008048495, -1.0858122491745035, -0.9800400137767338, -0.9779517282635433, -0.9331787789830388, -0.7874813039993671, -0.619838545990298, -0.4886226045199771, -0.382651422395774, -0.33300018110610896, -0.08664409599647804, 0.06743694482422713, 0.35682294786440316, 0.39378743445292974, 0.5851822041845041, 0.6804321390567245, 0.7161701249297399, 0.8723862165263401, 0.893034849006435, 0.9333918116453996, 0.9400309986851507, 0.9910626847722677, 1.2247286373398238, 1.2658191715020592, 1.3030635701944662, 1.358983543088455, 1.3593742798418726, 1.3935574671917363, 1.4062142116954033, 1.5388539859334647, 1.6971277518635222, 1.7861198603661284]
ytrain=[0.9999999999999992, 0.31487794940850466, -0.29666651103951447, 0.08665913205587092, 0.10736120053455869, 0.5176377997731151, 0.5071452098300027, -0.7893502291513371, -1.1844912264703529, -0.776306607295187, 0.18406664352546748, 0.20271657641210541, 0.5565148316701979, 0.6320946748233786, -0.9758134393879618, -1.4751116374799857, -0.6382067658058621, 0.004499901071692179, 1.6381326660484838, 0.35096099396214053, 0.12601644334980847, 0.3104637030728553, 0.13238666461451254, -0.6095196293825365, -0.8693506614049537, -1.0456788261509466, -0.926602149118585, -0.6195847460262386, -0.5618087599760331, -0.08472370267127548, 0.5525531397237378, 0.2090593933813838, -0.17218692090734544, -0.7699779902525705, -0.7739470584880559, -1.09399367705507, -1.1950009789254477, -1.3579923859092413, 0.4103275243772142, 1.4064357239339786]

xtest=[-1.8652295067688538, -1.532894160073611, -1.1179362405895072, -1.1096094984898555, -0.76632706968909, -0.13255097331976584, 0.3046084462091203, 0.44498061136975187, 0.5660072373556777, 0.7206199322245301, 0.9000763586957743, 1.3457760241567094, 1.4623462150245938, 1.5243013202317912, 1.8850451348731059]
ytest= [-0.16810844971419459, 0.5145467362049033, -0.9935548408929169, -0.9434730918975127, 0.4871193936655061, 1.7424111202167762, -0.14763621518213493, 0.48411576702695025, 0.25210056265709857, -0.8981040194704278, -0.8795096331494634, -0.6329426445881473, -1.4827692234839247, -1.429933468059694, 1.72646286123605]